OFFICE_LAT = 53.339428
OFFICE_LNG = -6.257664